Enter filename : 
cpu.csv
Input Values : 

record 0 : 125,256,6000,256,16,128,198
record 1 : 29,8000,32000,32,8,32,269
record 2 : 29,8000,32000,32,8,32,220
record 3 : 29,8000,32000,32,8,32,172
record 4 : 29,8000,16000,32,8,16,132
record 5 : 26,8000,32000,64,8,32,318
record 6 : 23,16000,32000,64,16,32,367
record 7 : 23,16000,32000,64,16,32,489
record 8 : 23,16000,64000,64,16,32,636
record 9 : 23,32000,64000,128,32,64,1144
record 10 : 400,1000,3000,0,1,2,38
record 11 : 400,512,3500,4,1,6,40
record 12 : 60,2000,8000,65,1,8,92
record 13 : 50,4000,16000,65,1,8,138
record 14 : 350,64,64,0,1,4,10
record 15 : 200,512,16000,0,4,32,35
record 16 : 167,524,2000,8,4,15,19
record 17 : 143,512,5000,0,7,32,28
record 18 : 143,1000,2000,0,5,16,31
record 19 : 110,5000,5000,142,8,64,120
record 20 : 143,1500,6300,0,5,32,30
record 21 : 143,3100,6200,0,5,20,33
record 22 : 143,2300,6200,0,6,64,61
record 23 : 110,3100,6200,0,6,64,76
record 24 : 320,128,6000,0,1,12,23
record 25 : 320,512,2000,4,1,3,69
record 26 : 320,256,6000,0,1,6,33
record 27 : 320,256,3000,4,1,3,27
record 28 : 320,512,5000,4,1,5,77
record 29 : 320,256,5000,4,1,6,27
record 30 : 25,1310,2620,131,12,24,274
record 31 : 25,1310,2620,131,12,24,368
record 32 : 50,2620,10480,30,12,24,32
record 33 : 50,2620,10480,30,12,24,63
record 34 : 56,5240,20970,30,12,24,106
record 35 : 64,5240,20970,30,12,24,208
record 36 : 50,500,2000,8,1,4,20
record 37 : 50,1000,4000,8,1,5,29
record 38 : 50,2000,8000,8,1,5,71
record 39 : 50,1000,4000,8,3,5,26
record 40 : 50,1000,8000,8,3,5,36
record 41 : 50,2000,16000,8,3,5,40
record 42 : 50,2000,16000,8,3,6,52
record 43 : 50,2000,16000,8,3,6,60
record 44 : 133,1000,12000,9,3,12,72
record 45 : 133,1000,8000,9,3,12,72
record 46 : 810,512,512,8,1,1,18
record 47 : 810,1000,5000,0,1,1,20
record 48 : 320,512,8000,4,1,5,40
record 49 : 200,512,8000,8,1,8,62
record 50 : 700,384,8000,0,1,1,24
record 51 : 700,256,2000,0,1,1,24
record 52 : 140,1000,16000,16,1,3,138
record 53 : 200,1000,8000,0,1,2,36
record 54 : 110,1000,4000,16,1,2,26
record 55 : 110,1000,12000,16,1,2,60
record 56 : 220,1000,8000,16,1,2,71
record 57 : 800,256,8000,0,1,4,12
record 58 : 800,256,8000,0,1,4,14
record 59 : 800,256,8000,0,1,4,20
record 60 : 800,256,8000,0,1,4,16
record 61 : 800,256,8000,0,1,4,22
record 62 : 125,512,1000,0,8,20,36
record 63 : 75,2000,8000,64,1,38,144
record 64 : 75,2000,16000,64,1,38,144
record 65 : 75,2000,16000,128,1,38,259
record 66 : 90,256,1000,0,3,10,17
record 67 : 105,256,2000,0,3,10,26
record 68 : 105,1000,4000,0,3,24,32
record 69 : 105,2000,4000,8,3,19,32
record 70 : 75,2000,8000,8,3,24,62
record 71 : 75,3000,8000,8,3,48,64
record 72 : 175,256,2000,0,3,24,22
record 73 : 300,768,3000,0,6,24,36
record 74 : 300,768,3000,6,6,24,44
record 75 : 300,768,12000,6,6,24,50
record 76 : 300,768,4500,0,1,24,45
record 77 : 300,384,12000,6,1,24,53
record 78 : 300,192,768,6,6,24,36
record 79 : 180,768,12000,6,1,31,84
record 80 : 330,1000,3000,0,2,4,16
record 81 : 300,1000,4000,8,3,64,38
record 82 : 300,1000,16000,8,2,112,38
record 83 : 330,1000,2000,0,1,2,16
record 84 : 330,1000,4000,0,3,6,22
record 85 : 140,2000,4000,0,3,6,29
record 86 : 140,2000,4000,0,4,8,40
record 87 : 140,2000,4000,8,1,20,35
record 88 : 140,2000,32000,32,1,20,134
record 89 : 140,2000,8000,32,1,54,66
record 90 : 140,2000,32000,32,1,54,141
record 91 : 140,2000,32000,32,1,54,189
record 92 : 140,2000,4000,8,1,20,22
record 93 : 57,4000,16000,1,6,12,132
record 94 : 57,4000,24000,64,12,16,237
record 95 : 26,16000,32000,64,16,24,465
record 96 : 26,16000,32000,64,8,24,465
record 97 : 26,8000,32000,0,8,24,277
record 98 : 26,8000,16000,0,8,16,185
record 99 : 480,96,512,0,1,1,6
record 100 : 203,1000,2000,0,1,5,24
record 101 : 115,512,6000,16,1,6,45
record 102 : 1100,512,1500,0,1,1,7
record 103 : 1100,768,2000,0,1,1,13
record 104 : 600,768,2000,0,1,1,16
record 105 : 400,2000,4000,0,1,1,32
record 106 : 400,4000,8000,0,1,1,32
record 107 : 900,1000,1000,0,1,2,11
record 108 : 900,512,1000,0,1,2,11
record 109 : 900,1000,4000,4,1,2,18
record 110 : 900,1000,4000,8,1,2,22
record 111 : 900,2000,4000,0,3,6,37
record 112 : 225,2000,4000,8,3,6,40
record 113 : 225,2000,4000,8,3,6,34
record 114 : 180,2000,8000,8,1,6,50
record 115 : 185,2000,16000,16,1,6,76
record 116 : 180,2000,16000,16,1,6,66
record 117 : 225,1000,4000,2,3,6,24
record 118 : 25,2000,12000,8,1,4,49
record 119 : 25,2000,12000,16,3,5,66
record 120 : 17,4000,16000,8,6,12,100
record 121 : 17,4000,16000,32,6,12,133
record 122 : 1500,768,1000,0,0,0,12
record 123 : 1500,768,2000,0,0,0,18
record 124 : 800,768,2000,0,0,0,20
record 125 : 50,2000,4000,0,3,6,27
record 126 : 50,2000,8000,8,3,6,45
record 127 : 50,2000,8000,8,1,6,56
record 128 : 50,2000,16000,24,1,6,70
record 129 : 50,2000,16000,24,1,6,80
record 130 : 50,8000,16000,48,1,10,136
record 131 : 100,1000,8000,0,2,6,16
record 132 : 100,1000,8000,24,2,6,26
record 133 : 100,1000,8000,24,3,6,32
record 134 : 50,2000,16000,12,3,16,45
record 135 : 50,2000,16000,24,6,16,54
record 136 : 50,2000,16000,24,6,16,65
record 137 : 150,512,4000,0,8,128,30
record 138 : 115,2000,8000,16,1,3,50
record 139 : 115,2000,4000,2,1,5,40
record 140 : 92,2000,8000,32,1,6,62
record 141 : 92,2000,8000,32,1,6,60
record 142 : 92,2000,8000,4,1,6,50
record 143 : 75,4000,16000,16,1,6,66
record 144 : 60,4000,16000,32,1,6,86
record 145 : 60,2000,16000,64,5,8,74
record 146 : 60,4000,16000,64,5,8,93
record 147 : 50,4000,16000,64,5,10,111
record 148 : 72,4000,16000,64,8,16,143
record 149 : 72,2000,8000,16,6,8,105
record 150 : 40,8000,16000,32,8,16,214
record 151 : 40,8000,32000,64,8,24,277
record 152 : 35,8000,32000,64,8,24,370
record 153 : 38,16000,32000,128,16,32,510
record 154 : 48,4000,24000,32,8,24,214
record 155 : 38,8000,32000,64,8,24,326
record 156 : 30,16000,32000,256,16,24,510
record 157 : 112,1000,1000,0,1,4,8
record 158 : 84,1000,2000,0,1,6,12
record 159 : 56,1000,4000,0,1,6,17
record 160 : 56,2000,6000,0,1,8,21
record 161 : 56,2000,8000,0,1,8,24
record 162 : 56,4000,8000,0,1,8,34
record 163 : 56,4000,12000,0,1,8,42
record 164 : 56,4000,16000,0,1,8,46
record 165 : 38,4000,8000,32,16,32,51
record 166 : 38,4000,8000,32,16,32,116
record 167 : 38,8000,16000,64,4,8,100
record 168 : 38,8000,24000,160,4,8,140
record 169 : 38,4000,16000,128,16,32,212
record 170 : 200,1000,2000,0,1,2,25
record 171 : 200,1000,4000,0,1,4,30
record 172 : 200,2000,8000,64,1,5,41
record 173 : 250,512,4000,0,1,7,25
record 174 : 250,512,4000,0,4,7,50
record 175 : 250,1000,16000,1,1,8,50
record 176 : 160,512,4000,2,1,5,30
record 177 : 160,512,2000,2,3,8,32
record 178 : 160,1000,4000,8,1,14,38
record 179 : 160,1000,8000,16,1,14,60
record 180 : 160,2000,8000,32,1,13,109
record 181 : 240,512,1000,8,1,3,6
record 182 : 240,512,2000,8,1,5,11
record 183 : 105,2000,4000,8,3,8,22
record 184 : 105,2000,6000,16,6,16,33
record 185 : 105,2000,8000,16,4,14,58
record 186 : 52,4000,16000,32,4,12,130
record 187 : 70,4000,12000,8,6,8,75
record 188 : 59,4000,12000,32,6,12,113
record 189 : 59,8000,16000,64,12,24,188
record 190 : 26,8000,24000,32,8,16,173
record 191 : 26,8000,32000,64,12,16,248
record 192 : 26,8000,32000,128,24,32,405
record 193 : 116,2000,8000,32,5,28,70
record 194 : 50,2000,32000,24,6,26,114
record 195 : 50,2000,32000,48,26,52,208
record 196 : 50,2000,32000,112,52,104,307
record 197 : 50,4000,32000,112,52,104,397
record 198 : 30,8000,64000,96,12,176,915
record 199 : 30,8000,64000,128,12,176,1150
record 200 : 180,262,4000,0,1,3,12
record 201 : 180,512,4000,0,1,3,14
record 202 : 180,262,4000,0,1,3,18
record 203 : 180,512,4000,0,1,3,21
record 204 : 124,1000,8000,0,1,8,42
record 205 : 98,1000,8000,32,2,8,46
record 206 : 125,2000,8000,0,2,14,52
record 207 : 480,512,8000,32,0,0,67
record 208 : 480,1000,4000,0,0,0,45
Enter Number of Clusters (<= Number of Elements {209}) : 
3

Number of Iterations Performed : 3

Cluster	N(Elements)	Elements

0	176 (84%)		0,4,10,11,12,13,14,15,16,17,18,19,20,21,22,23,24,25,26,27,28,29,30,31,32,33,36,37,38,39,40,41,42,43,44,45,46,47,48,49,50,51,52,53,54,55,56,57,58,59,60,61,62,63,64,65,66,67,68,69,70,71,72,73,74,75,76,77,78,79,80,81,82,83,84,85,86,87,89,92,93,98,99,100,101,102,103,104,105,106,107,108,109,110,111,112,113,114,115,116,117,118,119,120,121,122,123,124,125,126,127,128,129,130,131,132,133,134,135,136,137,138,139,140,141,142,143,144,145,146,147,148,149,150,157,158,159,160,161,162,163,164,165,166,167,169,170,171,172,173,174,175,176,177,178,179,180,181,182,183,184,185,186,187,188,189,193,200,201,202,203,204,205,206,207,208,
1	4 (2%)		8,9,198,199,
2	29 (14%)		1,2,3,5,6,7,34,35,88,90,91,94,95,96,97,151,152,153,154,155,156,168,190,191,192,194,195,196,197,
